諦誧,0,1,2,3,4,5,6,7,8,9,10,11,12,13,14,15,16,17,18,19,20,21,22,23,24,25,26,27,28,29,30,31,32,33,34,35,36,37,38,39,40,41,42,43,44,45,46,47,48,49,50,51,52,53,54,55,56,57,58,59,60,61,62,63,64,65,66,67,68,69,70,71,72,73,74,75,76,77,78,79,80,81,82,83,84,85,86,87,88,89,90,91,92,93,94,95,96,97,98
0,0,33.35199768,38.22395047,69.43312033,35.0291721,43.02150907,40.63813417,62.20272707,33.02744827,40.42991299,49.13865059,57.38319738,34.62641871,41.44018747,73.0984564,62.8844174,44.63912624,53.44604269,47.9877468,125.2572862,39.49238919,64.99781361,85.33896547,75.4291583,47.09128,33.7411554,78.93787635,78.40399572,61.30190763,50.3225523,16.50748644,52.60855025,90.13853965,57.71500045,49.07892384,104.4094658,55.3793157,60.80757913,68.59540978,97.08468211,54.44415573,56.01036669,62.56818317,38.58853769,46.36390021,42.35583284,65.19809554,16.5303037,35.77867228,16.72795634,70.49124318,39.86858589,89.08777291,20.71362251,96.10547578,66.043306,80.45190582,30.15679149,59.22010136,82.07727643,18.37409148,56.92349628,48.87635746,47.17986979,48.4740788,43.43726892,47.97062975,50.95414178,50.88851045,58.76247808,120.2406032,74.70114254,41.53433137,72.71342924,65.83587845,68.47114258,37.62432158,116.320894,72.53023277,71.08630339,50.75108886,56.79175794,59.55874509,9.073449629,104.2664791,34.51593951,27.72321425,94.30198184,15.18999804,85.17431931,70.17117605,58.43982764,17.4837362,83.02794687,51.14139484,105.2693943,60.11566147,62.9727908,107.3402403
1,33.35199768,0,11.55918657,24.59665146,10.77170512,26.1413051,21.89308912,13.89345724,5.698922294,4.672402665,16.02041209,13.03235128,8.685139437,3.884003994,19.48736911,10.24838034,32.10493884,39.09865058,16.91263594,40.15121865,43.84520776,39.78453966,41.92644969,58.68717206,51.74332757,8.489404125,57.39788028,36.16245447,47.45894864,28.13768605,19.81628019,18.82824366,56.19377163,42.45544882,39.11260827,52.48676387,32.47152787,74.79337533,25.59847726,77.49491847,28.64515059,41.37410483,49.22837258,48.31166124,32.61800935,44.93106973,55.96964245,19.33443102,8.116306283,32.58896545,39.12411335,20.0631819,35.93291727,24.97264232,47.99200864,40.87669133,79.79083966,37.88202715,36.7962109,47.08240686,35.29241575,54.26385342,30.89028562,56.42328717,68.76758308,63.22308733,28.27711108,49.53410949,34.51889729,33.39776423,51.94274971,27.66378949,30.76700264,33.41079316,23.97015781,82.35926473,27.54222554,65.04525422,23.96744056,37.60052477,41.40761386,38.13678043,38.76198373,30.58913752,38.56992006,23.5952314,27.66125481,45.29072753,39.9297272,34.66017893,44.65514962,43.73277479,19.95782581,49.45848344,82.40984026,44.1277385,22.43631197,35.24813759,59.14458051
2,38.22395047,11.55918657,0,15.4361992,15.3079368,18.55004535,11.74217006,22.08709659,8.10820738,9.711170665,13.01530898,4.567785764,3.256819471,11.60995482,11.73220376,7.454606306,19.21611171,37.58384207,33.93167567,57.90676621,22.92617504,57.3828764,33.91882205,34.13715224,50.55664573,19.69756771,28.78546607,28.23115146,27.68144431,61.80383849,29.19420114,15.11319454,49.4701783,17.43216265,18.38442942,40.52296625,48.54666046,39.60071888,34.8354559,42.83096668,32.71617557,61.63689727,20.80113806,27.60032057,28.39059093,41.74880279,52.37597299,29.74549139,13.22705918,53.91864364,38.7472044,36.92435887,44.21591847,17.83468221,41.8853965,45.10100927,39.52508986,51.33843702,30.67453638,48.4766516,51.96920843,46.42034347,19.89072974,63.25169544,57.89851352,81.71629562,26.08533946,32.88384463,66.35581701,40.51307166,71.13980849,25.49173501,33.68810734,30.60669601,19.07265268,68.51340022,18.23268947,41.61627513,17.5884791,21.29381656,53.84101832,17.14745262,34.6199658,42.95331569,41.69359039,11.70733654,19.55889188,35.02988451,37.47110413,50.78089531,62.02377421,43.41066859,26.00496619,31.30590041,33.1077129,49.56715821,35.71941332,13.36943844,73.00153848
3,69.43312033,24.59665146,15.4361992,0,16.78817248,11.07183475,3.347393608,21.29597369,13.60867057,23.27986749,5.645784718,11.701542,10.83225869,23.68227576,2.492261443,4.342914306,20.30205557,51.36160319,22.40922496,46.24621974,28.67988938,52.73988414,16.30928333,36.66430992,33.06957626,31.57748574,29.70397875,32.47175328,37.99457995,60.06434733,44.45261688,14.00763494,45.98567843,16.3336064,29.01358293,32.96577635,37.84447723,50.17266994,40.3230209,52.00456003,49.76701131,61.52188547,23.56969805,38.37966043,35.639785,30.89566062,27.90523058,45.04014499,19.95512466,53.35947546,27.41117366,28.92768205,23.17619536,34.42002359,29.96306314,43.16319352,72.25703912,68.41593729,39.72882192,50.9433796,67.38908615,34.89177753,24.06283322,64.67496092,58.14497628,74.40851824,28.38382454,39.72530753,65.17871562,59.4394218,50.27222696,23.91353063,66.39818828,31.00961529,27.34850644,53.88191422,18.47989599,39.70488167,7.805730028,23.00604977,52.3827061,21.67200845,36.29742024,66.0308195,41.98583374,13.36250571,45.61195669,38.99240733,47.09542724,24.28057763,47.85158676,34.28402787,42.00153049,28.31152764,52.89199469,21.59421822,33.12287054,11.9933206,36.98732337
4,35.0291721,10.77170512,15.3079368,16.78817248,0,15.79129515,17.21585743,6.588894677,9.392906991,15.47368372,13.27521521,10.66437903,15.22516572,9.446555036,17.80148677,10.20049288,30.7143852,68.85408997,9.060965682,51.04745996,31.06222842,34.37637316,22.32586719,46.58137812,35.26928625,22.23025707,43.89266129,38.13081664,54.3753672,34.98220776,34.52315466,35.78845991,67.62968068,28.04617122,50.80321841,58.70875407,24.6386141,46.89626663,15.15553397,65.02067934,23.25875103,42.33994748,32.91932575,37.58404,40.68000668,66.19175087,43.86708727,39.2715837,18.19910893,57.06867297,28.15281848,18.18020986,36.35632916,30.55534034,41.86886639,33.46434842,85.62512645,41.69757414,46.31592735,36.28704828,56.0709363,59.33178673,13.18293873,47.22275229,65.47759002,55.25288733,36.22272752,78.62377267,42.30230075,31.63741793,43.83714216,28.37730626,32.15791105,21.41850075,18.21575694,52.29396056,36.88199878,54.99914928,19.47329851,47.08589062,34.48834823,36.25148082,45.00152612,43.29921116,35.73874882,22.29454308,38.62697625,59.93726488,28.13757089,29.2630767,37.96669186,40.02373319,37.15306913,41.83355867,44.54081232,37.05622314,12.61250353,31.52292868,58.03627419
5,43.02150907,26.1413051,18.55004535,11.07183475,15.79129515,0,4.676209747,8.531258004,23.15260591,20.05863062,2.91019946,10.70311451,14.19338498,30.579654,14.88681501,6.680130399,39.07101387,44.64202106,25.19946185,46.64353003,26.47234573,48.94015326,13.24868597,28.03987763,49.24233054,37.35059845,37.22377366,24.75353592,44.23573453,58.4748206,45.19342249,28.50418718,39.3701711,10.85959116,31.46689971,45.02992939,32.01915884,69.05964252,28.42232873,50.1493057,42.92032824,52.10460023,17.06720388,48.93935527,42.17222967,48.17128127,45.95571843,58.84580948,30.83729261,60.46305241,23.27053303,20.90738491,19.38530007,28.3444809,35.26827997,37.75991324,62.78087032,52.3537807,41.06093711,37.77072118,65.27041842,64.78188057,9.424344448,39.6954918,45.17699422,58.18907899,33.7717027,65.05119687,53.40100039,40.56714168,32.42220894,24.01713452,67.6150579,18.20016822,10.84337289,63.01070166,22.21163896,41.47481421,17.61582545,31.45355173,31.90976612,28.41837725,47.66072748,76.86059273,28.13565526,20.06016249,48.69814898,37.91441415,48.74517872,34.19272754,32.55953714,32.67039918,48.08431666,48.2540238,41.2634909,34.68314209,16.25350022,28.51950713,34.83787838
6,40.63813417,21.89308912,11.74217006,3.347393608,17.21585743,4.676209747,0,20.1165896,13.05162885,26.72033764,4.631959224,11.63542022,12.73533714,28.69877617,6.362913263,9.247808203,23.89592823,43.09566331,28.50566515,36.7701099,35.8534387,53.8369452,11.86477223,26.60396067,64.86490254,37.68719879,23.65969339,30.41520068,54.37448834,40.18172968,45.94712663,17.49081519,49.96168835,13.37503196,23.1063437,27.36782366,47.52642889,49.13802511,26.89618497,43.08825181,50.924932,57.83254045,12.94823556,34.69176156,32.68989524,27.00427154,28.7294403,41.46801143,21.64960848,46.34227375,23.56463292,33.2173512,14.44383907,23.37069713,27.78821352,34.63802192,76.55498031,50.23114249,54.73718645,38.5948619,75.85442561,44.68080384,23.99673699,69.02804104,52.91590331,55.639732,22.06069352,33.84553622,50.22997339,53.77321628,37.44430345,28.08095606,68.77338235,32.28591146,25.63522331,65.09235245,14.48714876,26.72978813,12.26320084,18.42559721,45.97931112,20.06444866,31.73089143,60.41139302,34.78629981,17.82953319,48.37061168,30.64807591,51.88141728,30.99712887,41.15859177,25.75966132,34.81796553,33.04113815,36.3107725,24.50512492,28.81999792,18.31782051,53.36638137
7,62.20272707,13.89345724,22.08709659,21.29597369,6.588894677,8.531258004,20.1165896,0,11.75754032,15.40163757,16.87066448,16.09343495,16.14588312,14.51003213,23.57666173,13.41903547,41.16148138,60.13614679,16.92940374,53.03881256,56.05232797,49.80051172,19.83960236,39.35430438,26.56383745,22.09376253,42.99929742,44.88612158,63.76246467,36.15578429,26.73498078,44.18189076,43.11563291,25.49066645,53.59138516,57.12504345,27.93406702,73.46994576,16.33827991,44.7132876,30.42279224,50.64086821,22.50355237,63.58343585,46.53790558,45.99462046,48.43373588,29.11635251,22.49839014,67.71460417,34.28090882,18.19432204,30.25279684,33.0130636,43.20363471,24.45815158,61.58200274,45.76926079,70.10209732,26.78595913,41.64033358,56.98810056,13.75118883,25.96046139,75.22773502,39.68138689,38.31074781,58.93686779,52.3155384,41.85604608,43.84899013,20.04346053,39.90447171,12.4525931,12.13644539,78.53162494,33.93578104,42.2416752,24.92671124,40.3443603,30.29223188,35.58478534,47.92190041,61.99856824,27.07822739,24.68171402,42.54033118,40.22446955,57.21221655,37.71074494,34.1818295,36.15315175,33.06254831,46.8302829,82.80906336,41.28343828,9.167967932,24.10151712,48.77192272
8,33.02744827,5.698922294,8.10820738,13.60867057,9.392906991,23.15260591,13.05162885,11.75754032,0,5.315576814,16.68801624,7.081791893,6.960256132,6.548774258,14.20753603,13.46507952,28.90075501,51.01358972,13.93083811,61.04407429,28.37617748,50.98545961,26.70214926,57.23239895,54.02128918,11.53133395,40.31188729,35.487749,48.24240087,41.34603393,19.61991559,22.53982942,60.65489679,38.69602863,19.04898103,52.99263306,44.6623989,39.56104147,31.00892281,72.46135259,36.49075168,45.80021515,37.18114932,37.71702262,48.13776275,53.33560412,65.86006229,17.80277137,13.79259163,43.10350695,39.9430742,32.80109865,32.62196209,14.81026399,42.84617727,52.61893065,81.20015611,43.94991721,34.82319534,54.21448134,37.87482738,59.69332727,24.25390089,40.71878003,35.46952582,45.92947217,26.27446464,43.35955065,56.9295025,54.03082667,64.77886901,31.32786947,38.66935157,21.88017604,23.20926314,61.67518419,23.56929472,46.87734347,23.57268546,28.14319333,35.49894583,22.67049129,34.06071901,25.65474374,51.95579058,16.38777116,29.67179117,52.04977415,27.06165038,57.55011739,38.63960015,48.95992706,22.55042646,49.22397326,66.86452323,54.07208461,32.49498334,24.67399669,74.59742244
9,40.42991299,4.672402665,9.711170665,23.27986749,15.47368372,20.05863062,26.72033764,15.40163757,5.315576814,0,32.17240855,18.96628685,16.93404254,5.565168466,19.19064927,21.7470555,33.72048452,58.03107009,14.87119227,74.47178794,22.63098081,44.91841972,32.62721109,44.16200262,31.31695659,5.343424225,40.09054697,36.26051337,55.03510677,54.03318924,13.98641154,18.03164948,69.60637727,34.08297151,28.30581143,64.30442726,37.12172577,59.4240352,28.97201799,69.317905,36.95073487,39.22280531,55.86012929,39.5187453,30.55988349,42.94204171,62.50298719,23.7626093,4.610616353,29.16067934,43.18293238,29.78544509,30.44710266,28.9023446,56.94394549,48.19505096,70.4384213,43.97541746,53.69273977,67.55957223,39.16569424,49.09911879,28.45027192,42.53586768,42.73882263,44.30788244,30.3062873,67.8963272,57.65010875,47.51215171,74.85703049,32.56857799,28.76817639,27.28874033,35.02280705,70.76933729,27.60472807,43.31737913,30.09293508,39.23070474,35.20745209,39.58426498,44.33781799,36.00778208,50.5200759,23.96514785,31.32079681,46.72996737,31.05642212,51.63724942,56.34792461,42.94295991,15.95871075,59.3515276,63.88455024,50.76223676,20.71661384,24.97869232,81.69196044
10,49.13865059,16.02041209,13.01530898,5.645784718,13.27521521,2.91019946,4.631959224,16.87066448,16.68801624,32.17240855,0,9.608635789,11.49754055,21.43508704,11.55864283,9.020500519,28.23343158,39.71371704,26.19711502,43.52576216,38.98957334,49.78876689,13.26322471,26.64933846,41.72314369,29.56278206,36.26285276,37.18571015,33.97867604,48.84076212,29.25667438,20.71337411,43.76934671,13.84379282,33.91053394,38.35375623,60.23536899,46.92871998,27.16866819,30.35260335,45.48288275,63.16006215,19.03092405,31.69146068,35.31951161,28.96663514,40.2847175,35.04738805,24.72775629,52.62663085,22.8474814,26.07476781,24.46926556,33.95337567,26.9881355,29.88575606,83.38299496,62.33558509,50.27496812,28.4608297,74.25776811,42.57322742,9.876802539,37.89220633,46.87490266,44.80194448,24.98643898,53.16291243,46.86400933,58.95059354,43.46192306,26.37271002,57.05692348,24.61207451,17.79038253,48.41680286,18.46458477,31.74293692,14.72256829,29.4731359,46.08638693,34.61639297,41.47452974,54.24696681,38.87622397,14.16081546,42.12124153,39.51641057,34.47907737,27.69803819,38.30563689,34.00315628,39.29859905,44.4131665,62.34139315,30.59231212,33.28963233,22.43564425,51.98272879
11,57.38319738,13.03235128,4.567785764,11.701542,10.66437903,10.70311451,11.63542022,16.09343495,7.081791893,18.96628685,9.608635789,0,1.593355896,14.14427999,8.991510803,2.715659854,24.88857134,38.11013572,28.35068748,64.79111778,23.20203546,49.85993413,17.81339867,26.22938845,35.08903813,16.46826971,38.80754483,35.37872229,41.86298794,49.65793623,24.96562885,12.76745501,52.39691839,17.00733414,22.20173148,31.02295251,53.0286993,49.09811292,24.91975003,53.76341955,41.52500357,63.11030612,28.94291136,28.18093024,37.36259238,37.10260679,52.42265923,43.57372667,25.38349093,56.29505876,26.41209152,22.32523331,36.541928,16.5278356,50.96233767,34.52019938,49.21958085,57.13887476,34.39005723,39.40642778,50.88862347,32.41261527,16.3323395,42.59785156,51.89618768,64.66863248,18.18779339,60.23597143,46.9182824,38.73333405,44.84066135,23.70720212,41.65114467,20.98430639,18.11134051,67.29389814,13.02859121,48.40025964,11.8029885,29.18571126,30.97743248,35.04713405,25.97033313,62.78268242,37.94298342,11.97505133,38.48795431,43.51134077,45.93347884,53.96004623,50.92761326,45.09622226,38.21813818,26.54350531,42.63968056,45.00174024,34.14750953,13.10142082,74.29356152
12,34.62641871,8.685139437,3.256819471,10.83225869,15.22516572,14.19338498,12.73533714,16.14588312,6.960256132,16.93404254,11.49754055,1.593355896,0,12.7750465,9.70252874,6.33851117,19.40872908,40.81679734,24.44551798,50.29206713,27.27046511,43.80356188,29.60626095,34.11194885,63.51824195,14.56984506,46.78935789,33.10367337,31.12256445,48.97337092,23.6217001,13.42478971,47.55787089,25.52201503,26.44374693,41.41383881,40.09379098,59.65098201,33.76514082,34.55755526,46.99707047,70.87435833,36.71661697,38.90107606,38.07946084,28.32903154,38.19997867,38.78150727,21.67260138,51.11882114,27.84702245,32.81037919,40.49448959,16.51442448,38.43279121,42.19963857,48.79547811,56.60457054,35.22067011,36.30253153,40.21168937,33.67332616,19.11853915,52.58290195,62.71509815,58.0884717,32.60853901,32.64697153,50.21512056,61.40382932,46.32940241,22.89359796,34.32475065,31.83121977,22.68011947,61.08536313,21.41446996,58.50714456,15.49648806,30.07605686,34.58396148,25.84901138,33.12866659,44.53042068,36.04417321,13.50799501,28.39153738,41.88747968,28.62305599,48.2167038,40.4028769,44.69434313,26.8142149,37.0814607,65.19408027,38.84467791,24.51465026,21.04290885,51.38536693
13,41.44018747,3.884003994,11.60995482,23.68227576,9.446555036,30.579654,28.69877617,14.51003213,6.548774258,5.565168466,21.43508704,14.14427999,12.7750465,0,28.29074841,18.94849461,43.19293178,51.96417381,13.30709246,40.31321031,34.9954944,38.58615588,27.84147024,37.32678486,40.68656963,6.276207009,48.41168686,56.02570826,38.14654623,35.10134442,19.99706624,32.2562744,56.59872665,25.97969053,35.38918249,43.91471516,36.05550924,61.27064748,23.61213708,45.41118578,41.03682286,33.61707962,50.5804649,51.51948391,54.4964609,31.6787043,47.44985684,24.71773183,5.622198423,39.59759432,29.76067785,16.2446144,30.36023152,26.52359954,50.04946078,54.95070213,83.41338365,39.86853919,70.17264421,47.41938489,26.78112231,51.22638382,35.7805136,41.912985,76.06912119,38.6677287,43.75123184,49.44745699,47.14620411,45.85446589,65.92750302,46.32084068,30.47381906,31.39323119,33.41660349,61.71417388,26.31527927,52.11635921,22.29299536,30.06670074,31.44645275,42.43023895,29.61820858,44.77624404,55.65611208,21.79812562,38.58455253,52.88103264,34.79074644,42.13841276,58.20803637,52.64902485,11.02807738,41.57813249,64.92564397,43.82751031,19.22417655,30.2043033,54.34946096
14,73.0984564,19.48736911,11.73220376,2.492261443,17.80148677,14.88681501,6.362913263,23.57666173,14.20753603,19.19064927,11.55864283,8.991510803,9.70252874,28.29074841,0,6.094043642,20.34887891,57.34806501,31.97925778,31.14611004,23.41697186,48.46384617,15.45284,40.11480597,38.60122473,22.08088513,29.92646234,19.46309246,49.44104073,54.30587116,38.89849333,15.06092336,34.35268108,15.77024939,16.80015177,35.58417467,61.70697165,48.07802873,47.38490092,36.07551791,48.53316941,55.77940665,18.59776654,30.19834456,37.45496851,40.41543613,38.9540701,50.47459662,28.46634482,71.23294263,20.60256966,40.17699401,25.81913834,23.14293617,33.18787004,40.13238949,66.68140848,57.30765178,34.99463256,41.73808179,47.38582407,49.90162719,18.46040973,49.5040029,51.97269286,66.27936337,14.94668954,34.56810552,75.9297052,51.13436593,53.17971581,41.80373747,54.05009063,32.03170736,27.24343361,32.38095186,9.19060168,42.05457219,6.867827319,21.92156831,58.28751001,20.48269602,20.95075836,74.14121142,41.79173141,7.097432318,45.31177896,36.47665244,58.65986556,28.41231636,57.18000821,39.61160209,37.74432995,31.01769511,53.06315223,31.69935042,30.93980063,10.82782749,57.61039148
15,62.8844174,10.24838034,7.454606306,4.342914306,10.20049288,6.680130399,9.247808203,13.41903547,13.46507952,21.7470555,9.020500519,2.715659854,6.33851117,18.94849461,6.094043642,0,17.58340863,42.44419534,25.2521961,32.97505183,36.26590174,67.15553929,15.02847134,31.24948616,34.5601943,20.34412073,31.336371,25.30311013,59.82687175,42.20181145,25.75248087,12.74908942,41.8581068,15.35282084,22.13262489,44.73323593,51.69179733,50.17613478,27.03386867,47.92177696,47.12652229,60.2821815,19.93941651,39.21038389,27.1521944,38.56147851,37.87377897,27.3016899,26.48311908,44.3331915,27.69379623,37.72810518,25.54158279,27.98688283,35.93089641,44.18232725,55.60117332,45.3560854,55.05499297,39.51078303,45.64005139,48.78879476,17.0325866,57.75135872,38.81183567,50.24853487,29.81268988,47.45835186,45.67495099,47.3186075,41.86337842,33.23745094,44.31530129,31.83762038,20.07151504,58.65923629,23.74021129,47.5526108,12.87789549,25.87729005,34.12536912,29.37927558,32.51484401,59.61940786,48.45801854,21.29764448,24.84065064,32.08772271,49.66608557,54.07576603,52.45089031,38.01265198,39.61027648,26.07402101,42.22821673,34.89018546,22.28024343,22.16830349,66.5756443
16,44.63912624,32.10493884,19.21611171,20.30205557,30.7143852,39.07101387,23.89592823,41.16148138,28.90075501,33.72048452,28.23343158,24.88857134,19.40872908,43.19293178,20.34887891,17.58340863,0,32.40317355,48.32488116,61.58968345,5.904798692,89.10141589,36.85827884,42.42473495,79.50110552,25.92063809,40.3659472,26.82390325,24.93638426,54.23740391,19.53543799,6.77232286,33.02164149,37.2715473,4.566522163,30.45135596,72.0783164,30.82544515,62.33154648,45.99351345,44.93486703,87.94438291,37.02120051,10.03306351,12.2831496,12.56399246,66.5189117,31.26486178,22.58789332,50.83622956,47.40138303,66.70904236,38.03484292,14.16197117,51.74447138,50.43341707,33.41475364,37.26677288,18.04269353,58.95387228,49.46295118,29.29611843,41.42487712,60.64764187,30.32126014,98.94915915,7.0289279,28.75289438,86.54895067,49.88459699,55.88947386,55.0800092,49.90570559,50.92845808,54.07270181,38.14891175,12.55250744,35.24776687,20.04025286,13.61010926,71.66417329,6.798296311,6.910881005,52.30249068,58.53229808,9.839760763,21.65192028,44.09337904,33.04483376,49.06673538,80.92326151,48.76319055,43.10108166,30.78955252,24.61346762,29.0161933,44.58881717,14.87658867,76.93193581
17,53.44604269,39.09865058,37.58384207,51.36160319,68.85408997,44.64202106,43.09566331,60.13614679,51.01358972,58.03107009,39.71371704,38.11013572,40.81679734,51.96417381,57.34806501,42.44419534,32.40317355,0,67.32498529,90.81694722,29.57845552,83.10547102,52.64584204,82.73820013,92.85758285,36.66298488,49.09628972,81.12398789,29.08185267,100.4178716,20.83303624,43.63706717,56.97810016,59.32782962,39.35690002,87.10393258,77.39853228,8.181436701,93.32967971,106.058754,94.82464827,116.3761845,48.71463362,36.69886538,22.69365573,23.62819252,99.19837438,56.44102251,37.56925306,20.16069733,62.1950159,86.27346024,80.31925685,23.30502707,93.89865443,72.5122449,33.00928701,20.17392787,9.640695238,71.82175324,39.51925906,49.4477847,56.00489855,82.47145927,20.44615146,127.1026472,31.88733201,31.63111983,93.90377234,113.3734124,85.50604714,59.13388751,78.94433097,74.7000991,75.58169979,61.07372692,41.39385248,102.1260248,53.21891897,37.14953686,81.52849301,23.47961146,43.05441778,50.69661165,72.27381194,29.0494252,14.11122544,89.44479189,71.37771454,94.2380816,72.27489585,85.13974625,52.37852684,42.24576027,44.73531011,84.88157076,60.74220002,41.26958358,64.15627249
18,47.9877468,16.91263594,33.93167567,22.40922496,9.060965682,25.19946185,28.50566515,16.92940374,13.93083811,14.87119227,26.19711502,28.35068748,24.44551798,13.30709246,31.97925778,25.2521961,48.32488116,67.32498529,0,43.22454705,61.77474831,43.48431495,44.50668274,52.46562641,24.67327731,19.524049,49.69016235,42.38792666,88.31139318,37.63855199,23.90645806,52.63574313,58.20445789,38.57907299,55.62665731,58.04549605,28.32988833,58.12402545,25.59491037,47.44994737,22.41183253,39.0088409,45.21766076,67.69522781,51.41249573,47.85354406,61.95445856,29.77084206,11.53603433,48.04433941,47.98266653,5.445790631,43.532181,36.79820628,44.50203806,32.14480802,52.62002128,53.26709803,74.1130524,40.19382045,45.15285954,76.56695848,23.65051596,28.13877814,66.39091947,45.91139442,49.85023738,63.58152151,38.52492197,19.84615513,52.23547656,21.92243721,26.85375797,19.00888082,18.80376473,52.61943784,48.90746001,46.52254216,31.83542956,41.00059181,12.51970524,52.75099346,60.44521992,34.86653825,63.1017014,41.62288867,29.34005697,56.02975546,36.19363768,34.62708113,55.86605093,59.36022774,26.49717277,51.03098862,70.94687551,41.39607086,11.43665301,55.01838911,73.40335236
19,125.2572862,40.15121865,57.90676621,46.24621974,51.04745996,46.64353003,36.7701099,53.03881256,61.04407429,74.47178794,43.52576216,64.79111778,50.29206713,40.31321031,31.14611004,32.97505183,61.58968345,90.81694722,43.22454705,0,60.66689374,92.52212378,28.07983275,15.36522624,46.36260158,76.02960842,26.71031124,35.98460528,49.53237423,74.58577774,82.58896665,41.58003556,30.70694961,24.10791714,48.83449236,30.80879907,52.89439433,80.68606194,41.2284827,22.90416317,33.52835512,90.35624128,17.92722153,59.4169699,72.80005168,46.41923108,35.44266916,61.90785438,90.54375182,108.215512,14.62546683,42.55564458,25.06554376,62.75087357,31.30326195,35.06893328,78.2283125,67.70889506,75.3378269,30.3070146,100.0265842,66.43983842,41.4072914,60.71896079,82.07201238,79.54781109,36.68458652,71.20292873,89.77124464,93.29243314,36.68963682,24.84419324,112.9656846,29.21086839,45.50162491,81.99075438,57.02565539,29.03529817,44.71765164,38.59280039,67.97833217,51.45644228,46.07034222,101.703976,28.19726323,36.17886615,61.41466407,45.39753017,102.0994779,6.943940673,33.81953374,33.66200252,70.94744695,40.92654248,67.41572249,33.10216871,48.52603886,43.56744343,24.66211567
20,39.49238919,43.84520776,22.92617504,28.67988938,31.06222842,26.47234573,35.8534387,56.05232797,28.37617748,22.63098081,38.98957334,23.20203546,27.27046511,34.9954944,23.41697186,36.26590174,5.904798692,29.57845552,61.77474831,60.66689374,0,92.91356903,26.85317299,33.08195662,73.84130361,23.42629625,34.35041086,42.89780665,15.88435522,69.6580041,30.97185066,12.3036484,56.5445747,33.25282776,4.457711885,43.66202196,94.71729885,32.35354712,47.64853106,65.55820539,73.9144595,58.29015317,35.72495994,4.24496394,12.36108622,11.27720377,37.35249224,33.47308888,29.13336096,50.073523,42.94812103,53.45211501,29.28479689,18.82811278,57.81328709,72.50604876,40.29294107,30.67245629,19.84407649,74.68356135,62.15513946,37.81816934,39.15958109,78.55442924,24.08750932,65.03475737,5.07292283,23.50497256,78.90881202,63.02741506,38.84423473,60.81350124,71.42261674,65.35105207,40.20124502,33.54399431,10.37571957,52.60243327,14.99040143,12.16796073,87.1577719,4.849748071,2.408132001,57.44027315,67.12651636,9.648753062,25.47469277,46.91923206,59.26946354,50.93213057,87.09602208,47.53366019,42.55069042,32.48127638,19.3158592,50.11300847,39.45044621,8.539208948,81.65235442
21,64.99781361,39.78453966,57.3828764,52.73988414,34.37637316,48.94015326,53.8369452,49.80051172,50.98545961,44.91841972,49.78876689,49.85993413,43.80356188,38.58615588,48.46384617,67.15553929,89.10141589,83.10547102,43.48431495,92.52212378,92.91356903,0,74.36170081,82.46141743,35.86233108,38.82034142,101.8749107,70.71407482,93.41433567,8.057897424,75.65002764,81.31763785,109.1810183,70.26624716,62.67231444,110.379011,36.11633694,121.0655995,40.79778518,67.59856893,56.67004073,8.363202863,59.43956439,111.6174926,61.62607236,105.5299164,75.94759886,43.6261115,42.26949731,66.75989701,62.33210482,26.38871552,82.73512364,64.18881585,92.12173249,65.2918832,128.3744754,82.23348777,76.8111758,43.05444219,46.98463371,123.8027534,52.49743441,21.79196798,89.24609056,2.84407095,63.47122944,127.9069033,7.039009662,6.22070721,76.72849272,62.4980006,15.74809121,55.19069151,48.29629888,126.8998554,67.10036917,81.30151648,66.1478331,66.44670461,28.23975167,98.78379206,96.00660142,45.50066829,69.53275363,76.61607282,71.50320436,91.89184283,40.01717057,59.65688279,49.51093424,78.04036243,46.64484457,94.30539212,109.8613744,77.34315436,36.19206998,54.98380162,75.83459815
22,85.33896547,41.92644969,33.91882205,16.30928333,22.32586719,13.24868597,11.86477223,19.83960236,26.70214926,32.62721109,13.26322471,17.81339867,29.60626095,27.84147024,15.45284,15.02847134,36.85827884,52.64584204,44.50668274,28.07983275,26.85317299,74.36170081,0,15.07055759,41.92336479,39.05253568,25.85411788,26.36444316,43.13788995,58.0328834,70.33871682,21.16567842,46.5852637,1.805348141,27.52566284,34.32102566,52.3438889,75.92464162,37.74406612,25.91632928,59.64723342,63.59918025,3.566663032,41.46702309,40.33554739,31.99496058,29.29896414,76.82833872,30.47853001,51.08735077,13.3852894,36.01921973,4.68813278,44.53906535,24.42828196,32.32148548,58.25520844,64.3723949,50.71808214,28.2127772,80.33681777,48.2559777,23.9893622,69.12548847,41.23367031,76.88538889,24.46633428,46.67293091,62.62099027,63.51180057,19.17523614,39.0199721,88.48687431,36.98647541,19.46143044,35.81595152,25.73126864,21.80510627,19.12127448,21.55083831,38.55712646,32.91238168,25.54729877,56.49574802,35.94689404,22.59605008,36.42969908,20.23055963,48.58479022,16.89046614,38.65777518,16.42716625,59.62293094,21.39298362,52.98092622,11.68040792,39.78388405,26.57808196,25.5571938
23,75.4291583,58.68717206,34.13715224,36.66430992,46.58137812,28.03987763,26.60396067,39.35430438,57.23239895,44.16200262,26.64933846,26.22938845,34.11194885,37.32678486,40.11480597,31.24948616,42.42473495,82.73820013,52.46562641,15.36522624,33.08195662,82.46141743,15.07055759,0,65.09456744,64.00619456,17.20043947,15.84308661,42.96374595,73.48143232,66.15291592,47.98164555,41.23570023,10.7974222,56.58172419,35.08010495,70.15388894,89.82528522,43.84818591,11.59911481,34.83077521,93.51378543,7.158728858,53.25712001,67.93660169,46.72432912,17.43071922,70.65641473,40.83702524,113.0036574,18.64736071,39.694626,10.73091846,61.28330372,17.59630818,30.02809235,46.16999949,94.83345831,47.93765773,44.02557007,60.49403187,39.59620117,22.16125296,76.05024147,73.86519975,60.21535649,33.68765131,34.30910183,90.16618814,75.57158474,14.54279011,32.63230232,83.24985429,32.62836815,27.67968063,55.90646546,46.21569316,16.23704428,19.02569873,20.89706,52.63377721,29.31666967,44.60061153,96.60133641,29.11151529,27.54489636,64.4584945,29.91659996,70.53327727,23.15237519,32.73224864,14.51525427,58.56587397,22.63228148,43.69580439,11.45170467,46.84161347,30.67465933,14.76686536
24,47.09128,51.74332757,50.55664573,33.06957626,35.26928625,49.24233054,64.86490254,26.56383745,54.02128918,31.31695659,41.72314369,35.08903813,63.51824195,40.68656963,38.60122473,34.5601943,79.50110552,92.85758285,24.67327731,46.36260158,73.84130361,35.86233108,41.92336479,65.09456744,0,56.63736474,81.07967015,73.57434229,97.53227141,16.48710717,61.26070508,71.32417868,115.9595553,34.82689257,76.74355395,96.89161575,6.449594623,99.5636462,18.69294431,52.12468051,14.26919665,51.77010291,60.84179676,99.06667386,91.40802642,65.99181003,84.19811141,44.19385879,38.91105664,63.81747551,35.84888033,23.06246299,52.94058956,61.04454739,70.56023598,21.47400024,140.8512685,76.39142575,73.16091221,38.70398722,71.5065889,65.86016642,39.60285341,13.53624307,105.3979826,35.66980143,75.04962859,83.91184086,39.52041172,31.15257724,62.99010924,25.61271456,31.62322529,21.62324766,23.05530529,87.63998605,81.80453145,70.94937407,54.22708356,74.13537236,8.285016462,58.4386261,104.4454159,52.24187936,28.79148724,81.68563401,85.14897629,74.80533186,52.8213352,48.8673853,31.04519709,60.38796658,46.1156809,76.02912553,115.2532276,62.93204964,19.02223107,86.45303004,73.13768401
25,33.7411554,8.489404125,19.69756771,31.57748574,22.23025707,37.35059845,37.68719879,22.09376253,11.53133395,5.343424225,29.56278206,16.46826971,14.56984506,6.276207009,22.08088513,20.34412073,25.92063809,36.66298488,19.524049,76.02960842,23.42629625,38.82034142,39.05253568,64.00619456,56.63736474,0,45.6237328,49.90536879,59.1460481,53.96994421,12.31745696,25.58876658,51.80649065,49.87973678,31.95531715,45.56526535,55.80377945,47.34639588,36.87359813,69.17478127,45.69609313,36.66814542,53.90245806,32.06328163,32.69604976,34.70390376,76.32322563,14.75365551,5.303832701,28.99995936,46.21091937,20.56409604,42.74874721,19.9276276,51.75903132,62.60606957,43.86734241,31.62452853,37.95094413,46.05213937,32.97241382,53.03266889,39.26560186,60.22614562,36.89243837,49.78512168,28.19814217,49.87421387,50.94955638,35.2522082,80.24392961,44.93644395,28.52781685,36.82393743,44.38931992,64.90612181,29.62921907,58.58762175,34.94045363,31.26548659,46.55713595,26.83463313,45.46348715,30.74305954,69.47906905,31.50346174,27.08653048,75.45582592,24.53314158,64.0721294,63.52374647,54.99075803,13.52988648,51.63785454,41.37851266,73.85625151,24.66423316,21.29391845,78.8406964
26,78.93787635,57.39788028,28.78546607,29.70397875,43.89266129,37.22377366,23.65969339,42.99929742,40.31188729,40.09054697,36.26285276,38.80754483,46.78935789,48.41168686,29.92646234,31.336371,40.3659472,49.09628972,49.69016235,26.71031124,34.35041086,101.8749107,25.85411788,17.20043947,81.07967015,45.6237328,0,3.462562898,37.50724195,62.44471532,54.17924954,34.25694832,15.91931577,16.34691976,44.74614218,11.22689082,63.79773938,71.45748515,75.72211006,20.05909686,69.97223249,87.99609741,19.31963924,39.27112834,44.85522936,27.32156797,7.29422682,70.79048756,61.01320381,106.4388483,50.19715966,69.0001263,14.17461996,35.20961067,5.568026058,71.56463922,41.25384657,103.2108893,62.97961746,39.6550497,95.48471713,15.71848762,36.07854164,64.98501366,57.44700735,84.94034144,23.35642707,21.58199707,69.36415405,87.93142716,16.81885558,57.56629174,90.74801635,34.73583863,39.77111816,32.10554762,37.86573537,14.17124994,27.14977033,18.76933808,86.00181092,40.08623508,34.11659455,67.22734097,36.69583613,24.47842661,46.80594621,12.59853112,66.0133848,31.09571345,78.51917988,5.583222713,56.1325611,8.271821621,37.41889055,4.252734296,56.86293926,20.08888733,31.98168316
27,78.40399572,36.16245447,28.23115146,32.47175328,38.13081664,24.75353592,30.41520068,44.88612158,35.487749,36.26051337,37.18571015,35.37872229,33.10367337,56.02570826,19.46309246,25.30311013,26.82390325,81.12398789,42.38792666,35.98460528,42.89780665,70.71407482,26.36444316,15.84308661,73.57434229,49.90536879,3.462562898,0,35.97014296,95.44558431,73.84022986,31.19512594,14.63137524,24.49389678,24.87464126,6.560107968,69.06377022,49.95000757,48.88749403,15.34445787,58.13624597,92.40386164,12.65479065,40.8400463,50.08140826,44.92482783,9.873978344,62.79779227,43.20728528,102.9337318,32.33279615,52.18874366,17.84304554,51.26002284,14.27172664,72.30184407,43.81804052,61.20767816,59.52260263,64.91722543,64.88517254,11.03035364,57.37135744,68.05253054,35.11417596,72.32733366,27.63274359,22.08482054,104.0586884,97.32783017,26.78572526,68.44477786,93.65387168,54.23068509,38.56422421,23.64890538,27.64078747,19.81639676,19.07990275,17.66532807,77.14614228,26.49400824,22.90537691,89.24740693,63.88060597,22.84921286,71.48635696,14.6471684,77.85931621,28.91615838,66.90000545,8.190984671,70.61938885,3.980777017,30.44504655,5.575112376,61.06168844,33.79491745,23.23109723
28,61.30190763,47.45894864,27.68144431,37.99457995,54.3753672,44.23573453,54.37448834,63.76246467,48.24240087,55.03510677,33.97867604,41.86298794,31.12256445,38.14654623,49.44104073,59.82687175,24.93638426,29.08185267,88.31139318,49.53237423,15.88435522,93.41433567,43.13788995,42.96374595,97.53227141,59.1460481,37.50724195,35.97014296,0,102.7336655,42.58934231,30.84815816,57.15547834,44.81117081,13.88806169,50.56275875,121.8544965,30.82403021,93.21579863,39.80636757,64.44105361,131.7936724,36.38115195,13.34873155,13.73536193,4.90644651,37.37564376,60.28334164,71.41086294,36.0537756,77.4042413,59.61156257,38.2515515,28.72515897,57.07309205,80.5162869,14.53508757,58.61407057,17.29643618,96.30903221,69.55544197,37.90312893,66.69187959,122.8974345,10.75725101,100.4765217,12.73233228,10.44508936,99.86347084,108.3896905,62.25511537,48.78579916,69.80338478,59.22823117,51.58316132,25.842443,25.29593846,44.89202341,39.31496497,22.47343892,109.9133386,17.89658383,12.74628456,65.21705449,68.23366132,21.71861829,28.45491446,36.35962226,71.67548358,68.33945188,86.9623555,43.83414804,66.94887142,43.57889447,8.456162118,48.67290192,59.7853853,28.86165714,61.75342085
29,50.3225523,28.13768605,61.80383849,60.06434733,34.98220776,58.4748206,40.18172968,36.15578429,41.34603393,54.03318924,48.84076212,49.65793623,48.97337092,35.10134442,54.30587116,42.20181145,54.23740391,100.4178716,37.63855199,74.58577774,69.6580041,8.057897424,58.0328834,73.48143232,16.48710717,53.96994421,62.44471532,95.44558431,102.7336655,0,78.72472512,79.52767811,70.73121023,58.36525648,77.34137611,100.3183558,26.72189307,99.89437326,25.02564187,87.66040577,39.4959601,13.56586431,57.70307876,85.91046443,79.00008672,104.560183,87.50584031,44.36040851,36.07743862,86.11679138,50.66652282,22.28868526,68.41002807,90.84959652,75.20907935,51.57376534,89.6192948,99.02209179,76.63867191,63.60863789,30.12520932,69.74942933,37.65145115,6.424537853,84.76143028,6.728392939,57.74993705,78.46047095,21.49957644,5.388759292,80.27801482,42.88673651,25.74956379,27.40962244,32.41384749,125.2247151,60.3719318,100.849138,77.93189954,61.35775032,12.52093127,91.30005444,96.97316056,48.95033583,69.50009742,74.41462839,70.49709267,101.7690436,28.94652134,80.59879498,49.80099026,100.4638227,48.45472776,73.89665425,97.30572833,86.64452173,20.67601667,92.23568802,101.0812571
30,16.50748644,19.81628019,29.19420114,44.45261688,34.52315466,45.19342249,45.94712663,26.73498078,19.61991559,13.98641154,29.25667438,24.96562885,23.6217001,19.99706624,38.89849333,25.75248087,19.53543799,20.83303624,23.90645806,82.58896665,30.97185066,75.65002764,70.33871682,66.15291592,61.26070508,12.31745696,54.17924954,73.84022986,42.58934231,78.72472512,0,31.88876646,89.01789817,39.61508576,29.04257236,63.249739,68.46557485,27.71072864,42.92006826,89.44830434,49.46655089,59.49754594,62.97008762,23.14247418,29.54435859,29.28880212,61.620706,19.07522656,17.78750794,19.84854127,69.10691419,27.55543601,75.36098204,11.2247431,77.37701915,57.24810008,55.09034303,30.037503,33.15918688,78.22495488,32.93957503,44.46875504,44.82450804,74.28853921,43.05310954,84.76236875,33.59669637,37.74989338,63.85070902,70.27992776,56.98864267,43.23175553,46.18138245,54.28532647,51.35215528,46.51434714,40.80614658,68.46306252,37.2369609,40.61684478,43.60641892,34.74200872,27.52441795,21.46801688,85.56094997,28.64258161,8.470961805,48.71554841,26.27666821,87.18934699,70.2180488,51.80232158,16.911676,58.74140125,53.84778784,83.4734369,37.08865204,30.10403238,103.0734575
31,52.60855025,18.82824366,15.11319454,14.00763494,35.78845991,28.50418718,17.49081519,44.18189076,22.53982942,18.03164948,20.71337411,12.76745501,13.42478971,32.2562744,15.06092336,12.74908942,6.77232286,43.63706717,52.63574313,41.58003556,12.3036484,81.31763785,21.16567842,47.98164555,71.32417868,25.58876658,34.25694832,31.19512594,30.84815816,79.52767811,31.88876646,0,43.69686598,22.22183923,5.166139217,39.18767384,87.60504597,35.5117298,37.29695965,53.47971862,47.23857366,68.88259564,32.95952553,19.18141161,17.22027038,15.6428045,29.02141494,29.87556169,26.76201662,49.30907755,34.402088,43.59327344,38.35102711,15.78753357,29.15484164,72.6494159,50.88399794,43.28324275,26.91756019,42.67595156,41.65457087,28.53139922,38.8565575,61.5612276,37.44058186,72.71149406,8.215753063,24.53986192,68.92133418,70.45957232,45.30608605,57.5741109,53.69694805,48.42408916,29.32242798,31.71049643,4.650290575,55.80761577,11.9176969,14.08130384,41.64808259,9.411893272,14.91560849,43.20054048,49.23579746,5.690390083,21.50481212,54.08874054,37.92705591,47.6160154,64.17899288,45.51532998,28.44805933,21.89903727,24.59887955,40.43532673,46.36189625,4.031790719,47.39875996
32,90.13853965,56.19377163,49.4701783,45.98567843,67.62968068,39.3701711,49.96168835,43.11563291,60.65489679,69.60637727,43.76934671,52.39691839,47.55787089,56.59872665,34.35268108,41.8581068,33.02164149,56.97810016,58.20445789,30.70694961,56.5445747,109.1810183,46.5852637,41.23570023,115.9595553,51.80649065,15.91931577,14.63137524,57.15547834,70.73121023,89.01789817,43.69686598,0,45.52992483,47.52171078,6.530540905,60.22286067,80.59396472,69.42178284,27.19471077,69.4775237,107.3521545,34.56180427,44.14644109,34.98562757,38.80740063,6.93939403,63.04567404,66.17966359,67.1975148,66.7947476,54.59952028,35.57934689,68.10108571,15.91717163,65.50295361,39.03085182,71.62672897,61.67998443,61.01607908,99.01573731,14.3026543,57.6084595,93.8462455,44.98774316,104.9766678,29.10830458,25.59432642,81.23179346,91.51520748,16.35721597,78.50113846,102.9324528,85.71122346,71.45501605,17.80827177,29.70269637,18.76294865,28.42317978,33.68424455,81.05984779,34.0064453,44.27315823,96.13317007,66.19479674,46.71927136,63.52694222,7.131599477,76.66785815,57.29412414,54.78033911,10.12631407,74.33855506,11.72080711,34.16023436,19.59480436,49.61356551,42.28679375,27.76937036
